945 6 980
183 997 154
62 770 928
161 331 183
411 400 931
31 664 973
235 639 543
203 557 913
45 671 156
402 204 145
197 499 596
527 34 592
681 95 713
608 607 43
142 17 795
424 47 458
748 634 97
642 188 653
554 232 676
62 985 231
558 182 729
153 708 762
744 740 208
456 699 815
851 840 831
997 615 230
454 362 863
902 355 402
907 261 633
934 322 617
164 879 150
244 31 210
6 126 949
565 933 648
379 135 839
562 131 806
791 937 519
5 838 874
406 96 134
38 29 455
6 544 333
156 788 715
365 145 840
665 709 124
312 440 259
503 1 389
660 143 325
178 147 515
51 552 610
536 941 991
990 946 534
674 101 321
740 817 465
931 482 526
55 145 965
313 999 965
701 658 107
378 188 605
892 238 508
853 774 448
843 115 745
377 141 198
49 880 14
514 811 847
39 865 992
3 529 990
319 229 1000
777 958 187
381 849 776
888 702 901
687 544 16
431 272 508
628 321 387
994 186 197
840 224 413
831 578 941
173 248 522
172 24 479
710 756 680
485 643 381
386 681 276
753 111 548
260 91 220
998 436 405
547 275 980
959 458 557
252 982 804
773 505 179
603 214 934
282 698 928
14 435 608
642 539 70
541 150 512
760 148 947
164 694 574
495 4 31
51 255 364
206 379 868
384 982 81
317 615 130
596 629 917
203 270 455
272 162 957
136 921 456
82 436 149
655 930 152
37 332 759
400 537 137
267 272 118
699 940 85
829 535 713
745 737 334
551 360 847
859 495 767
314 929 554
462 935 835
966 972 166
724 723 54
212 342 325
330 40 264
414 868 150
478 964 238
163 867 597
9 725 444
127 39 724
680 852 658
514 817 981
31 892 704
84 104 45
760 785 436
23 550 304
524 379 619
761 893 485
709 901 562
504 379 600
227 58 803
237 923 972
217 953 215
272 36 318
668 795 454
104 169 355
759 44 733
377 804 625
214 864 877
127 368 255
78 594 664
880 182 586
851 399 890
66 670 277
735 690 423
541 793 591
895 551 986
628 279 789
604 844 653
481 970 372
87 47 317
751 279 499
688 129 897
578 546 918
854 281 607
277 173 751
219 67 301
205 46 932
345 2 775
349 482 745
720 920 143
37 670 421
887 710 902
783 287 447
52 492 79
11 768 251
761 339 670
414 895 715
345 239 716
471 940 549
567 659 821
710 47 490
482 933 551
383 67 837
830 471 329
908 481 448
511 593 786
180 6 32
246 702 271
962 173 210
862 739 220
682 448 619
524 930 903
74 664 322
263 493 792
943 753 624
742 263 216
880 794 574
911 39 275
181 352 447
742 566 538
314 599 337
284 122 618
538 548 282
859 162 774
2 456 878
625 197 492
841 76 285
766 987 676
40 519 379
839 613 944
376 278 543
712 561 16
330 98 915
611 309 76
736 310 531
614 287 80
457 127 155
94 244 493
769 283 364
147 121 976
91 848 605
985 912 517
1000 241 966
915 203 274
342 290 936
225 255 222
304 712 700
810 805 943
655 573 225
18 71 698
345 513 897
949 497 808
465 497 400
430 763 954
56 104 244
991 680 498
212 983 209
263 145 13
205 799 937
781 816 360
830 512 872
727 460 369
886 276 217
286 705 979
239 112 434
482 102 466
332 665 448
540 927 944
905 131 742
193 264 909
552 93 420
424 819 231
144 57 506
360 342 563
690 932 674
123 766 128
588 97 792
388 636 719
331 892 201
425 437 464
685 988 557
105 763 727
687 906 135
193 265 476
107 954 760
780 429 525
907 368 621
51 755 608
769 438 500
321 214 936
137 898 275
45 354 38
123 41 943
258 585 560
733 691 865
844 470 293
368 729 661
988 779 767
596 899 556
447 571 769
734 707 19
8 751 372
397 874 764
692 131 348
251 215 38
467 59 508
760 426 588
772 766 718
538 713 616
94 159 186
214 244 245
232 251 995
956 1000 220
719 691 350
67 293 917
104 759 975
963 518 752
902 289 869
619 179 581
234 624 91
772 837 334
16 69 937
362 376 936
582 94 626
931 160 918
199 616 28
173 578 898
277 480 538
497 98 716
78 684 339
520 807 528
854 822 948
790 535 323
725 116 416
702 47 928
971 597 543
998 770 472
895 398 951
785 894 401
500 323 436
191 843 242
718 696 415
17 837 949
339 913 65
754 614 463
681 936 59
575 285 180
47 180 929
349 964 175
101 815 497
536 357 691
129 426 738
895 442 574
844 780 486
260 886 451
74 918 738
132 493 23
664 891 202
944 239 517
118 340 683
967 227 40
657 356 817
395 250 259
968 445 38
806 704 275
608 777 193
346 261 37
368 276 927
921 219 165
789 337 856
823 303 435
214 959 142
31 705 391
289 25 188
678 830 243
953 789 372
497 134 984
533 853 259
459 773 477
975 913 165
183 736 819
617 949 130
758 979 834
500 619 858
39 297 39
282 249 828
653 97 313
636 629 518
246 439 642
74 765 555
239 299 290
409 915 590
538 24 569
724 524 187
581 562 835
972 195 435
151 847 531
815 834 159
332 79 949
974 505 66
880 743 364
521 503 631
110 41 654
30 764 529
217 696 443
403 19 637
838 169 836
368 336 21
879 667 452
179 992 956
244 871 50
608 391 552
590 853 592
243 882 707
124 450 755
566 853 773
554 690 294
389 57 629
410 287 647
213 466 639
168 709 861
217 668 604
120 609 456
712 852 337
770 975 787
876 892 639
649 445 680
294 834 736
922 595 375
568 159 840
558 326 900
771 894 920
374 13 528
181 76 731
869 198 57
655 73 948
645 73 393
324 366 578
412 287 524
786 207 682
977 116 359
876 886 604
795 611 616
675 791 44
405 12 241
462 666 665
761 663 738
505 338 103
82 749 390
957 886 948
990 862 63
700 90 301
303 236 911
271 910 54
314 667 65
906 128 82
570 240 96
307 745 434
762 178 534
503 135 420
450 476 633
864 176 722
164 830 958
427 452 219
832 117 885
248 22 12
681 944 604
777 602 348
562 363 525
95 865 11
866 666 487
499 530 14
572 45 195
529 823 647
748 654 763
984 253 137
348 934 80
951 62 681
298 623 396
822 69 260
833 935 926
671 433 807
36 4 851
230 885 674
228 984 679
991 967 284
127 314 217
558 264 630
590 561 604
337 735 672
597 919 606
874 941 390
32 976 746
234 557 630
907 137 965
938 127 283
221 605 597
789 514 212
418 455 125
373 792 211
44 740 129
650 613 421
39 996 748
136 229 304
765 488 440
81 425 918
364 997 874
312 785 739
875 554 194
999 926 985
561 321 724
689 970 688
461 361 683
208 496 911
512 613 398
303 693 174
573 408 170
446 71 306
185 946 211
730 296 488
714 857 809
437 897 130
476 358 490
158 565 338
420 76 950
170 731 994
343 303 754
865 100 824
522 636 769
733 365 65
572 78 273
380 866 169
862 341 526
351 850 91
40 270 518
989 439 248
335 133 902
88 997 354
911 519 989
32 603 706
448 174 135
720 906 353
888 767 693
414 469 895
856 509 164
373 849 954
973 183 86
874 270 435
579 533 305
920 916 907
625 363 80
759 434 337
111 321 103
156 86 924
402 941 432
565 666 280
870 638 815
307 863 84
93 442 968
397 361 883
303 337 597
735 447 30
71 910 703
526 65 788
449 466 81
232 382 98
511 603 87
325 909 949
761 2 742
80 750 454
963 53 790
559 139 237
941 561 146
643 86 562
782 886 379
214 117 112
311 980 714
397 656 974
698 768 327
439 848 77
893 162 481
34 72 619
622 12 179
119 654 617
680 788 854
410 1 323
873 312 654
586 60 309
912 757 429
238 548 628
666 440 789
146 825 212
116 447 224
647 917 229
263 949 16
468 358 369
790 231 680
443 168 91
104 79 848
532 669 395
511 686 186
299 832 362
510 947 160
85 593 77
666 207 25
681 675 382
401 816 964
80 259 484
523 714 562
722 597 582
116 107 268
653 757 451
366 618 749
526 703 694
602 368 900
978 400 926
711 801 742
675 232 352
158 754 65
71 475 661
5 942 119
272 946 875
74 664 492
822 189 194
515 142 913
767 119 665
44 829 817
785 855 48
488 364 154
904 435 980
916 791 274
34 414 571
908 487 234
400 660 774
945 527 267
858 293 385
874 336 566
690 473 772
89 312 136
242 216 922
574 131 712
847 165 477
769 72 963
3 823 622
776 768 148
395 977 792
779 850 480
696 539 304
820 627 615
955 221 830
228 146 313
291 992 477
767 112 900
81 114 723
54 242 842
554 636 818
345 766 19
824 814 557
479 633 535
94 939 107
275 518 252
587 808 595
415 926 707
315 358 172
389 411 765
230 964 400
399 661 518
417 484 331
325 315 315
211 408 253
318 682 770
921 621 929
868 35 854
574 349 211
97 89 973
862 318 937
613 716 597
130 132 432
460 456 746
774 667 505
378 336 539
147 608 159
427 475 193
280 400 894
842 497 982
815 358 652
103 970 367
699 452 851
482 263 306
580 389 324
84 766 11
622 265 619
780 691 93
325 323 493
570 164 989
551 330 698
202 432 19
921 482 470
771 316 733
428 895 121
752 978 238
762 952 502
380 83 193
825 407 515
317 976 30
657 879 712
706 80 143
724 352 977
546 122 292
630 550 538
102 301 515
339 414 818
841 146 901
385 970 307
251 638 635
280 646 513
343 351 944
486 426 296
814 971 769
457 600 318
994 701 970
860 40 736
678 232 881
578 968 202
236 218 191
222 849 836
86 192 186
382 29 611
677 194 934
797 650 533
115 643 586
436 854 625
171 531 208
51 460 175
604 48 744
794 269 944
629 355 135
166 736 515
777 764 708
62 560 709
594 26 703
179 462 557
155 632 439
714 35 899
240 638 946
983 432 566
927 412 920
413 578 7
280 706 122
339 767 682
48 712 59
750 243 520
306 397 504
745 463 538
995 702 175
292 685 958
857 963 722
129 727 651
487 6 356
609 345 474
642 744 537
700 493 779
572 151 528
75 247 990
612 241 691
138 884 727
448 92 41
169 220 768
819 707 125
526 667 821
351 308 564
887 7 57
18 578 207
545 652 453
886 615 45
928 753 928
655 200 371
47 720 591
814 538 649
291 415 315
111 765 974
675 3 980
83 20 910
641 916 913
93 153 528
489 81 632
768 87 831
138 133 550
80 299 439
728 589 853
394 699 969
367 725 971
699 159 343
960 799 610
872 243 763
399 731 195
30 850 281
212 988 413
113 419 63
903 499 651
755 892 702
75 611 778
46 661 937
740 620 735
349 491 978
463 242 60
657 623 262
937 187 601
702 299 19
764 202 517
767 308 761
468 383 723
245 780 383
181 519 354
268 219 196
597 682 437
8 338 412
269 627 598
869 680 896
240 795 449
756 561 109
868 380 843
590 977 622
324 509 492
677 776 710
225 724 391
661 732 81
72 1000 59
669 221 738
917 460 884
717 567 797
825 435 176
667 24 504
288 700 13
131 376 140
841 952 864
583 613 595
15 36 946
73 57 166
162 325 977
46 41 544
194 866 978
369 884 353
225 524 52
237 654 780
376 494 731
239 429 695
185 443 731
131 868 139
648 29 463
625 426 503
168 619 720
497 340 604
201 564 127
253 152 132
384 527 978
466 118 406
161 302 200
243 432 67
381 80 448
195 56 873
49 575 844
769 71 535
724 623 98
202 227 601
333 610 127
310 76 596
67 588 898
267 830 681
685 562 760
132 108 167
357 156 741
552 276 811
86 351 786
535 552 12
135 237 622
613 546 49
209 613 988
106 231 817
138 915 730
250 399 189
416 107 344
157 658 972
319 95 322
104 629 226
116 763 462
89 375 7
489 935 971
476 392 553
644 530 820
725 779 218
913 194 676
608 350 685
579 669 779
253 772 759
478 239 873
939 327 599
297 815 534
620 642 925
172 285 454
991 9 584
560 921 778
235 529 479
271 459 147
49 711 271
159 188 861
31 478 540
630 127 354
515 746 348
791 269 632
245 612 641
180 523 913
957 110 441
436 380 900
934 781 962
556 939 150
417 322 979
956 303 105
661 817 202
8 959 823
640 203 434
632 735 956
544 691 417
337 478 797
588 412 577
549 319 867
50 735 540
29 42 842
133 703 10
687 62 969
509 53 523
942 36 257
249 580 300
666 268 777
814 207 540
742 755 859
960 805 945
500 185 987
341 317 41
703 355 102
671 863 507
545 156 542
802 405 473
101 422 740
229 235 946
769 328 53
627 287 209
571 786 393
909 479 61
949 181 416
403 203 278
909 747 434
450 900 190
923 352 611
14 581 197
312 701 876
716 327 162
924 249 300
316 510 130
376 458 662
791 212 864
69 120 962
502 570 214
691 844 565
653 209 497
201 872 197
76 587 875
237 510 476
888 825 985
17 201 794
678 991 6
541 411 125
855 264 46
68 306 241
